# Cycle: 0, status: ACC
Snapshot: 0
   -3.410836531     0.143715784
    3.141500000     0.143715784
Snapshot: 1
   -3.210836531     0.143715784
    3.141500000     0.143715784
Snapshot: 2
   -3.010836531     0.143715784
    3.141500000     0.143715784
Snapshot: 3
   -2.810836531     0.143715784
    3.141500000     0.143715784
Snapshot: 4
   -2.610836531     0.143715784
    3.141500000     0.143715784
Snapshot: 5
   -2.410836531     0.143715784
    3.141500000     0.143715784
Snapshot: 6
   -2.210836531     0.143715784
    3.141500000     0.143715784
Snapshot: 7
   -2.010836531     0.143715784
    3.141500000     0.143715784
Snapshot: 8
   -1.810836531     0.143715784
    3.141500000     0.143715784
Snapshot: 9
   -1.610836531     0.143715784
    3.141500000     0.143715784
Snapshot: 10
   -1.410836531     0.143715784
    3.141500000     0.143715784
Snapshot: 11
   -1.210836531     0.143715784
    3.141500000     0.143715784
Snapshot: 12
   -1.010836531     0.143715784
    3.141500000     0.143715784
Snapshot: 13
   -0.810836531     0.143715784
    3.141500000     0.143715784
Snapshot: 14
   -0.610836531     0.143715784
    3.141500000     0.143715784
Snapshot: 15
   -0.410836531     0.143715784
    3.141500000     0.143715784
Snapshot: 16
   -0.210836531     0.143715784
    3.141500000     0.143715784
Snapshot: 17
   -0.010836531     0.143715784
    3.141500000     0.143715784
Snapshot: 18
    0.189163469     0.143715784
    3.141500000     0.143715784
Snapshot: 19
    0.389163469     0.143715784
    3.141500000     0.143715784
Snapshot: 20
    0.589163469     0.143715784
    3.141500000     0.143715784
Snapshot: 21
    0.789163469     0.143715784
    3.141500000     0.143715784
Snapshot: 22
    0.989163469     0.143715784
    3.141500000     0.143715784
Snapshot: 23
    1.189163469     0.143715784
    3.141500000     0.143715784
Snapshot: 24
    1.389163469     0.143715784
    3.141500000     0.143715784
Snapshot: 25
    1.589163469     0.143715784
    3.141500000     0.143715784
Snapshot: 26
    1.789163469     0.143715784
    3.141500000     0.143715784
Snapshot: 27
    1.989163469     0.143715784
    3.141500000     0.143715784
Snapshot: 28
    2.189163469     0.143715784
    3.141500000     0.143715784
Snapshot: 29
    2.389163469     0.143715784
    3.141500000     0.143715784
Snapshot: 30
    2.589163469     0.143715784
    3.141500000     0.143715784
Snapshot: 31
    2.789163469     0.143715784
    3.141500000     0.143715784
Snapshot: 32
    2.989163469     0.143715784
    3.141500000     0.143715784
Snapshot: 33
    3.189163469     0.143715784
    3.141500000     0.143715784
