# Cycle: 0, status: ACC
Snapshot: 0
    0.353187488     0.089958293    -0.229033437     1.198317033
Snapshot: 0
    0.353187488     0.129958293    -0.229033437     1.198317033
Snapshot: 0
    0.353187488     0.189958293    -0.229033437     1.198317033
Snapshot: 0
    0.353187488     0.219958293    -0.229033437     1.198317033
Snapshot: 1
    0.353187488     0.269808935    -0.224252221     1.678688363
Snapshot: 2
    0.353187488     0.310808935    -0.232408528     2.078824973
Snapshot: 3
    0.353187488     0.369808935    -0.280038350     2.674244122
Snapshot: 4
    0.353187488     0.419808935    -0.280038350     2.674244122
Snapshot: 5
    0.353187488     0.469808935    -0.280038350     2.674244122
Snapshot: 6
    0.353187488     0.519808935    -0.280038350     2.674244122
Snapshot: 7
    0.353187488     0.609808935    -0.280038350     2.674244122
Snapshot: 8
    0.353187488     0.709808935    -0.280038350     2.674244122
Snapshot: 9
    0.353187488     0.759808935    -0.280038350     2.674244122
Snapshot: 10
    0.353187488     0.859808935    -0.280038350     2.674244122
Snapshot: 11
    0.353187488     0.910808935    -0.280038350     2.674244122
